6 65 20 40 0.852941
47 34 20 40 0.852941
47 55 20 40 0.941176
47 76 20 40 0.921569
47 97 20 40 1.14706
47 118 20 40 0.931373
47 139 20 40 0.931373
47 160 20 40 1.46078
47 181 20 40 1.05882
47 202 20 40 1.2549
47 223 20 40 1.38235
47 244 20 40 1.08824
47 265 20 40 1.07843
47 286 20 40 1.18627
47 307 20 40 1.18627
47 328 20 40 1.30392
47 349 20 40 1.0098
47 370 20 40 1.09804
47 391 20 40 0.980392
47 412 20 40 1.09804
47 433 20 40 0.911765
47 454 20 40 1.12745
47 475 20 40 1.10784
47 496 20 40 1.18627
47 517 20 40 1.18627
47 538 20 40 1.44118
47 559 20 40 0.95098
47 580 20 40 1.07843
47 601 20 40 1.45098
88 62 20 40 1.02941
88 83 20 40 0.892157
88 104 20 40 1.11765
88 125 20 40 0.941176
88 146 20 40 0.931373
88 167 20 40 1.15686
88 188 20 40 1.22549
88 210 20 40 0.980392
88 231 20 40 0.872549
88 252 20 40 1.33333
88 273 20 40 0.941176
88 294 20 40 1
88 315 20 40 1.20588
88 336 20 40 1.09804
88 357 20 40 0.862745
88 378 20 40 1.35294
88 400 20 40 1.04902
88 426 20 40 0.852941
88 447 20 40 0.960784
88 479 20 40 0.862745
88 500 20 40 1.05882
88 521 20 40 1.01961
88 542 20 40 0.95098
88 563 20 40 1.06863
88 584 20 40 1.12745
167 117 20 40 0.843137
208 158 20 40 0.941176
208 249 20 40 0.911765
208 270 20 40 0.911765
208 371 20 40 0.882353
208 395 20 40 0.862745
208 422 20 40 0.843137
208 443 20 40 1.07843
208 465 20 40 0.892157
208 486 20 40 0.960784
249 151 20 40 0.901961
249 363 20 40 0.843137
249 391 20 40 0.843137
249 412 20 40 0.852941
249 433 20 40 0.882353
249 489 20 40 0.872549
249 518 20 40 0.862745
249 631 20 40 0.990196
290 84 20 40 0.872549
290 174 20 40 0.843137
290 195 20 40 0.921569
290 285 20 40 0.843137
290 310 20 40 0.852941
290 409 20 40 0.892157
290 435 20 40 0.852941
290 465 20 40 0.843137
290 494 20 40 0.931373
290 517 20 40 0.852941
361 101 20 40 0.843137
402 30 20 40 0.852941
402 52 20 40 0.872549
402 73 20 40 1.01961
402 94 20 40 1.06863
402 115 20 40 0.970588
402 136 20 40 1.09804
402 157 20 40 1.05882
402 178 20 40 0.931373
402 201 20 40 0.970588
402 224 20 40 0.941176
402 249 20 40 1
402 270 20 40 1.14706
402 291 20 40 1.01961
402 312 20 40 1.19608
402 333 20 40 1.02941
402 354 20 40 1.06863
402 375 20 40 1.02941
402 396 20 40 1.30392
402 417 20 40 1.08824
402 438 20 40 1.10784
402 459 20 40 0.862745
402 480 20 40 1.0098
402 501 20 40 1.0098
402 522 20 40 1.08824
402 543 20 40 1.07843
402 564 20 40 0.911765
402 585 20 40 1.07843
443 91 20 40 0.843137
443 112 20 40 0.970588
443 133 20 40 0.892157
443 154 20 40 1.05882
443 194 20 40 0.843137
443 219 20 40 0.843137
443 240 20 40 1.17647
443 261 20 40 0.852941
443 285 20 40 0.862745
443 307 20 40 0.843137
443 328 20 40 0.95098
443 352 20 40 0.862745
443 373 20 40 0.843137
443 394 20 40 1.10784
443 415 20 40 1.08824
443 436 20 40 0.852941
443 459 20 40 0.901961
443 483 20 40 0.911765
443 504 20 40 0.882353
443 525 20 40 0.941176
443 546 20 40 0.921569
